signal_sum_126,signal_sum_127L,signal_sum_127H,signal_sum_128L,signal_sum_128H,signal_sum_129L,signal_sum_129H,signal_sum_130L,signal_sum_130H,signal_sum_131L
CONT_var_126,CONT_var_127L,CONT_var_127H,CONT_var_128L,CONT_var_128H,CONT_var_129L,CONT_var_129H,CONT_var_130L,CONT_var_130H,CONT_var_131L
